ESP32 8bit DAC  VDD = 3.29V
High DNL at Codes 32, 64, 96, 128, 160, 
and 224   (MSB bits rollover)


DAC   DAC	  Step
code   V     mV
0	   0.096	
1	   0.108	 12
2	   0.120	 12
3	   0.132	 12
4	   0.144	 12
5	   0.156	 12
6	   0.168	 12
7	   0.180	 12
8	   0.191	 11
9	   0.204	 13
10	 0.216	 12
11	 0.228	 12
12	 0.240	 12
13	 0.252	 12
14	 0.264	 12
15	 0.277	 13
16	 0.289	 12
17	 0.301	 12
18	 0.314	 13
19	 0.326	 12
20	 0.338	 12
21	 0.350	 12
22	 0.362	 12
23	 0.374	 12
24	 0.386	 12
25	 0.398	 12
26	 0.411	 13
27	 0.423	 12
28	 0.435	 12
29	 0.447	 12
30	 0.459	 12
31	 0.472	 13
32	 0.490	 18
33	 0.503	 13
34	 0.515	 12
35	 0.527	 12
36	 0.539	 12
37	 0.551	 12
38	 0.563	 12
39	 0.575	 12
40	 0.587	 12
41	 0.599	 12
42	 0.611	 12
43	 0.623	 12
44	 0.635	 12
45	 0.647	 12
46	 0.659	 12
47	 0.671	 12
48	 0.684	 13
49	 0.696	 12
50	 0.708	 12
51	 0.721	 13
52	 0.733	 12
53	 0.745	 12
54	 0.757	 12
55	 0.769	 12
56	 0.780	 11
57	 0.793	 13
58	 0.805	 12
59	 0.817	 12
60	 0.829	 12
61	 0.841	 12
62	 0.853	 12
63	 0.865	 12
64	 0.860	 -5
65	 0.872	 12
66	 0.884	 12
67	 0.896	 12
68	 0.908	 12
69	 0.921	 13
70	 0.933	 12
71	 0.945	 12
72	 0.956	 11
73	 0.968	 12
74	 0.981	 13
75	 0.993	 12
76	 1.005	 12
77	 1.017	 12
78	 1.029	 12
79	 1.041	 12
80	 1.054	 13
81	 1.066	 12
82	 1.078	 12
83	 1.091	 13
84	 1.102	 11
85	 1.115	 13
86	 1.127	 12
87	 1.139	 12
88	 1.150	 11
89	 1.162	 12
90	 1.174	 12
91	 1.186	 12
92	 1.198	 12
93	 1.211	 13
94	 1.223	 12
95	 1.235	 12
96	 1.254	 19
97	 1.266	 12
98	 1.278	 12
99	 1.290	 12
100	 1.302	 12
101	 1.314	 12
102	 1.326	 12
103	 1.338	 12
104	 1.350	 12
105	 1.362	 12
106	 1.374	 12
107	 1.386	 12
108	 1.398	 12
109	 1.411	 13
110	 1.422	 11
111	 1.435	 13
112	 1.448	 13
113	 1.459	 11
114	 1.472	 13
115	 1.484	 12
116	 1.496	 12
117	 1.508	 12
118	 1.520	 12
119	 1.532	 12
120	 1.544	 12
121	 1.556	 12
122	 1.568	 12
123	 1.580	 12
124	 1.592	 12
125	 1.604	 12
126	 1.617	 13
127	 1.629	 12
128	 1.630	 1
129	 1.642	 12
130	 1.654	 12
131	 1.666	 12
132	 1.678	 12
133	 1.690	 12
134	 1.702	 12
135	 1.715	 13
136	 1.726	 11
137	 1.738	 12
138	 1.750	 12
139	 1.763	 13
140	 1.775	 12
141	 1.787	 12
142	 1.799	 12
143	 1.811	 12
144	 1.824	 13
145	 1.836	 12
146	 1.848	 12
147	 1.860	 12
148	 1.872	 12
149	 1.884	 12
150	 1.896	 12
151	 1.909	 13
152	 1.920	 11
153	 1.932	 12
154	 1.944	 12
155	 1.956	 12
156	 1.968	 12
157	 1.981	 13
158	 1.993	 12
159	 2.005	 12
160	 2.024	 19
161	 2.036	 12
162	 2.048	 12
163	 2.060	 12
164	 2.072	 12
165	 2.084	 12
166	 2.097	 13
167	 2.108	 11
168	 2.120	 12
169	 2.132	 12
170	 2.144	 12
171	 2.156	 12
172	 2.168	 12
173	 2.181	 13
174	 2.193	 12
175	 2.205	 12
176	 2.218	 13
177	 2.230	 12
178	 2.242	 12
179	 2.254	 12
180	 2.267	 13
181	 2.279	 12
182	 2.290	 11
183	 2.303	 13
184	 2.314	 11
185	 2.326	 12
186	 2.338	 12
187	 2.351	 13
188	 2.363	 12
189	 2.374	 11
190	 2.387	 13
191	 2.399	 12
192	 2.394	 -5
193	 2.406	 12
194	 2.418	 12
195	 2.430	 12
196	 2.442	 12
197	 2.454	 12
198	 2.466	 12
199	 2.479	 13
200	 2.490	 11
201	 2.502	 12
202	 2.514	 12
203	 2.526	 12
204	 2.539	 13
205	 2.550	 11
206	 2.562	 12
207	 2.575	 13
208	 2.587	 12
209	 2.599	 12
210	 2.612	 13
211	 2.624	 12
212	 2.636	 12
213	 2.648	 12
214	 2.660	 12
215	 2.672	 12
216	 2.684	 12
217	 2.696	 12
218	 2.708	 12
219	 2.720	 12
220	 2.732	 12
221	 2.744	 12
222	 2.756	 12
223	 2.768	 12
224	 2.787	 19
225	 2.799	 12
226	 2.811	 12
227	 2.823	 12
228	 2.835	 12
229	 2.847	 12
230	 2.860	 13
231	 2.872	 12
232	 2.883	 11
233	 2.896	 13
234	 2.908	 12
235	 2.920	 12
236	 2.932	 12
237	 2.943	 11
238	 2.956	 13
239	 2.968	 12
240	 2.980	 12
241	 2.993	 13
242	 3.005	 12
243	 3.017	 12
244	 3.029	 12
245	 3.041	 12
246	 3.053	 12
247	 3.065	 12
248	 3.077	 12
249	 3.089	 12
250	 3.101	 12
251	 3.113	 12
252	 3.125	 12
253	 3.138	 13
254	 3.150	 12
255	 3.162	 12
